3070546889
2936695312
1413900799
1493816101
3926154032
3591991283
1715709298
3508652889
2975756057
562310544
1126573772
2503323791
239316481
189897255
3443247591
3916455880
4060479038
120705245
2735475363
3657489039
253010068
2555597987
1784389205
4211979314
2755416952
134558035
323030931
2015365974
3090433889
3859187379
3641288254
3894711374
2382813391
958851358
3024391006
3707844166
1929657119
872604936
3781058985
4111297735
3140796534
2317601550
1394359194
1430824095
1061000204
2641776683
2602265744
608485779
3545674266
3576209850
694680872
2889669502
1057005039
2151928638
402973794
759320787
1780162371
3792067809
319243916
1698572251
840684384
1765066539
2097289235
1207971573
1261803239
3882976413
2067043566
3087385678
2959510072
1915959032
2288385539
3708100415
1698343431
3947848029
186758370
17085397
3492872342
507469561
1346724524
1192669313
1093643147
3775198486
303362328
475267913
102060533
2181877526
2786053786
2150909588
4149862753
4046972239
2435334873
36874799
1044407515
4077202825
2725362720
2606807758
3524579095
1263358198
488952019
1225194191
660655405
2168206191
2066797957
911548128
2352223002
3275691258
4278520051
1023575396
201669332
3205258769
894608824
892299475
4063025553
3155889364
2672129997
2922231834
889973233
4266397198
3257747573
3155400815
2869374569
1694806613
22598663
2319162206
4062614280
1913129211
557446165
2804641518
2671697113
1984384359
841915799
1951198778
1191759341
1275418110
957228786
2569700618
1467051021
1646414753
1414852155
1493249185
3809466642
2938853344
221743279
4130594189
3409726218
609180961
1947423043
3744041149
3339763422
3392149358
2337020227
2419264579
892052852
3727607605
891915315
573514071
1344879492
3724990665
2186388900
1110142181
372552362
2100642835
168583074
4114526112
3139487545
1748274190
237296622
438832978
597606
811751772
1678420886
4081260102
3344687954
4283858251
744151056
2755747415
1040656507
2956276487
1295137907
3039531060
3591463544
338867676
760191976
3861813423
4247238369
909986154
120727879
2486808498
3493733513
4062224156
2940315156
1292114907
1917050161
3224709752
2955342493
1711871432
3629374746
3776006782
3322980753
1493340180
2652972502
1480354641
2387256103
2721181173
1282872761
590245427
390981136
1426701476
4161006311
1630448010
1681675114
1480950759
2099546425
3677803825
1665878153
3911133117
3070715865
2904354902
1564944819
3674275348
1918646294
1594523010
1377017552
2586741356
271104311
2718057235
3778483967
4146423893
3108805008
977250245
3559802705
1466301905
1580515315
1429371707
2067027853
1885864118
3021702011
2417293519
1077212075
1980021045
507661428
1326666218
1213436442
66612
1076904484
605833567
4262523939
1312923545
4194585042
3407186255
2584030214
3372279006
758715207
3158185194
4028830909
1594664381
2855456246
1242417972
2202464128
1916212846
3542818801
3390033825
3579233048
3188055295
3993288155
2165603724
637817582
1094605351
693208063
2118534504
1481969257
2953218279
3626748270
521221050
2835413861
1829169595
2214916295
1345212843
1480438663
875800501
3775009542
624988056
1814836957
839001919
1477883147
3560221093
1931526772
1093869911
1009472852
2334765609
220286509
1645269616
2184297977
470051551
118611034
3340077449
1899884621
708295128
4061566414
1568703038
1075626948
2184462536
2400211865
906111651
489102492
139391106
2805177077
2165514874
859888792
4215205442
3360601792
2336115265
1409773865
3912490563
3778168836
1057151871
1161293927
3509147542
1999883238
4013598898
3724926534
2869141089
50706908
2097262987
1745957586
1580480616
3612205753
996163959
2315583787
2167902567
573845363
1862743205
287318054
1073888640
187994361
1095651490
186528635
1107428498
2655913145
4028646981
3103968599
1395739107
322151664
2735628499
3710579437
453780603
1261797861
2772340278
1443750560
1529980352
724915632
2449972572
3476927634
2805203305
1025633947
2436194229
3725773896
3357652199
960243163
3207415344
641641824
286193614
707993333
1579877993
3464326106
2304667539
3979072771
2551295730
3456613473
4179538979
1308931557
1678674263
1044172293
1681115400
1211826204
1291937501
2519974643
1193884444
3812343558
3946003702
3359390225
1294197440
523219635
4077011435
1815310831
3959906874
3674863696
2852873075
3323676551
906987711
3344109740
1296854479
20801590
2688368192
2097957443
738472369
318849138
3931608091
506355637
1141513177
488019129
2671723503
3391619909
155435363
504228022
4060709824
604669394
2081790579
1597290262
369672438
1526962893
3076784693
3157379565
3694072178
2423768577
252706799
3932478533
3037991372
3860791831
1044538662
3071814822
1024434025
507558729
4265849107
4161595343
4177864435
741382898
2468708379
2168197566
3254981822
1313917354
3542369387
2399552284
2768388688
1879185307
1444971432
3377164047
3055631850
3829753988
1814462874
4044961785
324846465
322174248
604884312
4135100126
1208277641
118035096
2066244932
1863172106
3492407952
1881895053
1779233433
2903309619
536898912
1798539581
640860175
2214641459
1799324490
3411918491
772112274
3628177020
355238471
3343677757
1427012579
2353272396
340922182
2134220002
1362542892
1344280895
2869823634
4060093686
289894561
1145461856
4017788947
3896179168
1158402758
3862794908
1231055131
2053445520
3361875448
3374834570
741608821
2282355726
2687194134
69498439
2570416574
1027046944
1006909036
1426610542
1299305068
2491375901
1985312373
1178233595
3273989252
1024582999
826327625
2655036880
4047312198
2623582342
675313082
3641465353
2284977905
928819700
4211125495
2855987056
3642680346
3524777918
1493404084
1846243484
1463145987
992558589
1816169825
2986418745
101570657
3429729
2570558538
3189656152
1850989142
3341887109
3523675969
4181711082
3943380474
438563415
1294949612
2886973789
2202265271
1213191237
2268564017
4012566322
1460097010
2802025520
2132927165
4265874636
2101485595
3292727145
105011053
1378847007
3880727632
2282090285
1163567481
3409371937
3525772341
1745653977
3843772379
778561594
3658427232
1076546202
3624547425
3661477357
3544319539
1701295456
2516681208
2433514752
525281894
4248764752
2588104518
1683200205
2737511060
3355800733
1586105069
1913939907
1359620559
3694614496
2537508579
1898991619
1513324893
1627994379
445955731
1026385106
1564434523
1697313562
4265482562
3557795437
3087526259
2150539569
4144325317
2553129682
1529417964
2420046373
3441074743
1091230372
4043638021
2469736397
2904576607
71044749
3104087588
3073092075
537308161
1264965742
2958383180
4113044992
3528162510
2692735138
1528986975
2906861362
1699144038
2172080068
3398479945
4161212703
2522791685
2643819691
3109165365
3408757530
3124562900
1563801908
4066928967
1714629106
1568163988
3563494399
4062948870
538745842
2487457816
2987960667
4264373355
4211487235
889925503
3997202402
172686580
140356866
540978676
1950289020
2087479994
1057892921
2575012702
2890212520
2352047489
234947735
2825550748
3003494715
1997138594
1816916233
1931671661
4284793878
4068798386
1415705930
3658022054
1396275068
2971619226
2336720140
4144985471
204718204
2936433658
2721420663
742873114
4130283379
1678865720
3226985159
3758096603
2080812590
1244955906
1568294003
18899751
3425436583
3962570296
2874232669
2620602098
3575540346
374773725
2253861344
2622239911
3374949383
3864702
855919926
4144466418
3611111548
3898013880
2988452235
4127298946
2248707148
1059438348
1496476845
2921596811
303022219
2147891054
2542056722
3512189008
1510497704
2992421924
2067019185
220544493
4213408313
3171305565
2500666418
1410841958
453200394
3225409190
3108326127
2705770692
2506106069
929113323
3573694122
1446483455
1360125780
3389703340
4012746826
3475736878
185394165
1275071734
976681804
694377068
1377883695
1597898306
709892698
3798296888
236773623
3875802825
2500261020
3514103600
4230873132
3978196157
2419970013
742064106
2082067973
606262350
3497849333
1325469401
2852589062
2001344679
3759590597
1297391448
3576890357
1245621644
1174808620
1815183328
3191297368
875859262
1681499744
1846620143
2655794115
1498691649
1007048292
4214378771
3291698422
1199195641
1664136191
1230459997
2903099069
907280212
4180272647
105642072
2081290401
3327131919
758639877
1375993317
3238428821
3894461323
4130730477
2283166358
3726634679
654691898
156743421
842152978
1360525508
2035389707
1276405242
1494856764
2286704925
1429167274
2491330123
1980284962
100939439
3189538353
2035223775
2216832907
2770072242
1665346937
1732884272
2151141467
2889016973
2218256685
1903807673
235375194
2030050202
3544306371
2136335712
3264256695
2550145817
3509401094
2634212613
2885996870
2520219397
1514120865
1093492707
1296015355
3560030141
3037399892
993281767
1159470237
2423439758
3895823376
741026074
1227895923
3308649380
3190915614
926275091
3574045723
353649112
374034879
3596319794
2955854805
3627116015
2167171688
942345708
3809109642
3945911594
4029971145
942749605
2248974489
1242031610
2304391455
2738161799
3993069852
1779275476
2017921715
2131505877
2734783626
1260674094
2466842117
656966008
3004073784
3766440882
2351953781
1768203036
3257605370
4179098851
240928415
808678219
2503856558
471332894
621604371
1896128933
944590332
3826023201
4245394055
3473006443
1901679559
1780554917
2738355174
1161144765
3963727610
1545862033
3255251672
872473963
337765108
2802030987
572128423
3341157323
3594437559
1730755639
2502276405
2455464617
1261777395
2655154003
3057234105
573834936
2081389021
3221811095
2954146217
3476905776
626287847
524348824
3394673555
3188549347
891855705
4148546057
3781516243
807799935
2487281902
1865729699
3323012388
3120834252
558013322
1115456714
2181696214
2704512755
892859514
1527066121
388315088
305051873
859295836
1513425084
1862682705
3695251021
3108016437
3460047333
1510367702
1848988291
2086689854
3339153721
1279143041
18013239
2218995579
2788020756
909177222
1745225635
3892378763
4013571176
975486813
4031537115
219032113
1882366881
2117487686
123824675
1983654448
2818792434
707495959
2034142486
2704924578
355903833
4147226162
779323693
4269948668
123601331
859766568
540147533
1111429588
1930897628
2821712579
2554278576
4284327413
1378729180
339509675
1292670724
1313807108
658496164
537178317
1748337383
2084798839
740459972
1896829659
3392010921
456069820
3377019695
386814122
943051684
3224639475
3271644184
1695511086
687902961
3288637439
3524614771
1747687102
201610912
3542146504
3158508392
3292299517
3727829466
2886867533
3026091674
538329836
2638713920
2438595934
3004134611
1141034566
2466606278
1010681855
1128118189
3141333576
1448055125
1948601048
3289800115
1056977117
4096995060
808303091
4280260076
3642868606
1900044079
2419174364
1644539700
3242626217
2030362311
505732175
3291054048
1899213603
2234549551
3825798650
4251206316
4099123796
3574499494
405996887
3660360547
842940204
103487724
2417120408
4043552224
1597282921
640954847
1294506946
3342538125
2988923319
1900381400
1158003186
1259517785
1862394197
3624707593
1177841013
859606982
1245101782
3962734024
622975061
772585202
1177609200
1463212610
2536934962
4267425087
1499325371
1007461092
3627236239
3892891288
2404898735
269271750
1427934048
772643474
2167598374
3007625878
3426033232
3274234983
539993970
764125114
223872536
1729279657
2332935824
3544129474
3877241661
1564315441
588950101
3224259083
3828057410
843887715
2818860260
3986584118
3691315072
2252522781
1162063683
1503069234
3674319547
3309419854
2737283430
201910260
1350245695
3659196869
34718983
2906716207
3107350330
2370015796
3963088807
3021787455
2151814048
1700176065
939633519
2821957270
2852393859
155993736
2923199138
2148835464
1033672611
3458604751
1799243139
2835529165
422168766
3708975764
2301346809
369276903
1510183379
2509603710
1041952778
537223670
2737900703
3154381002
286924306
3037021771
1394150409
4199858989
539037140
4197742332
2838456172
3526853502
3694852666
709865247
1208202095
3640950675
3362258815
3878999013
2936353208
2083809741
624829731
3024880559
2617428796
3392831090
1949756199
2860940464
2204289720
419713484
2922738636
322952866
1577572840
2770529745
4026615276
622224020
742256162
2030447964
3443731968
1346200298
3993336269
2617752916
3678033845
909125194
1778996042
1879326507
4144235618
119696072
490778185
4278246461
1510883672
442330038
2705335385
2500226671
3022999303
990550679
1481594648
772465660
792458868
805380241
4094025523
2282469101
3909644177
2151577439
4027934031
2168840331
2485917322
1914162884
2988395093
539959188
591991374
2235240607
3895908929
107275203
1932430777
2083569731
710128630
990256604
2183892244
1295392562
756043134
2771561332
3775402550
1963318576
1830686860
1194817790
1179767718
121323943
3087111436
3156949929
4063466410
1561612100
3774905563
4013410910
927499399
520408352
2757470999
1561059463
204808541
2839544145
2354481962
571384077
2973402951
2500052923
676151821
2034081958
974667775
2989340674
2702229607
271739501
1158094108
4228216118
2117447793
3054408572
1867346182
1650657015
1930156091
2234761351
1663977948
1848756077
3792718960
3758516928
1766119380
1228185026
2940109711
2050293231
1730103746
2469458476
355245127
1913655114
1159330166
103889692
3444349763
1380946251
3259470942
1411931911
1814518657
1646728668
72648103
759225432
3508773143
2755056464
3339208303
3308282483
3373213140
2688516859
3428915535
493927356
3926971186
755199791
36736685
3628875960
271066319
1864138767
1410134088
255139549
2872034360
2516866270
1750219114
2302217041
2471140983
2097157049
3258193002
1326550662
2651512657
2970101845
251974163
1295853025
624825930
2317097930
3305767996
3409076844
1985452142
2519780194
373345070
2301639385
1462918466
1247577451
2791943426
3557224307
2686896738
3091098147
2885990538
1846743656
2335554858
2181331669
238540236
822308226
1393225362
2936886453
4113328377
489532971
772634499
3793474139
2619129969
1968099725
4247975720
319054240
3090471286
592534529
1715800747
2356928960
1713432154
117450631
4200378849
2303134545
708461750
1258707828
2181335580
1829684751
2587137791
86121920
1346146762
2517922893
3075659989
1308693838
3120810072
4212135940
3811828927
2201794249
1079420832
3811352965
2115959385
3810707742
1294480510
1983718898
2551048268
3411004220
1613460073
743210880
3259250380
1295708633
591549981
1731529857
675017773
3726928497
473966488
1664437789
1025659618
3628923059
644318028
219738509
405488990
2299385808
3073563132
741323804
524531004
1953267680
895787947
3391550595
2652265215
2570259765
2419794439
1144093711
2323143650
725229619
477930679
4128364007
2990001049
3406038773
1477766119
1328279273
1278920382
1613231123
2250456222
1880562185
17252100
2638605377
3528430950
3406825083
255663804
876659537
741402630
3775444315
2727272887
2637282357
1161459417
4197004787
305124204
2707164801
4027169549
3876017509
2869597015
1812080740
1148305933
4078289512
3931873143
792175917
1594627896
3129700661
2148324001
3426030356
4060699723
4248499166
3355546973
3860886991
3963716136
2600611403
423191111
37668946
3157595467
1243581039
4130625553
2986611120
1276469356
3460569859
3358623849
1326017174
1851087398
470174050
2905737969
1496422501
3540457044
2249023273
3984757872
288573665
4147168349
4214152226
1937773035
2705716574
1848066429
940650918
3574899509
1865760229
3894294305
1409721203
288720891
622322187
3007223835
1510902127
2617417454
1681572351
202149930
3581754270
1463665659
857398089
2499970384
1141895638
2903253280
2435978463
1159235236
2368922161
1884088519
2789450023
4146206652
3543398514
521203919
1358961892
4094576855
39540261
504753944
3758360029
2308468667
680981508
3527162811
3864380585
3660910851
4179823840
3762178041
842948092
1527032144
623214267
2852257827
2936129932
707956171
3730385577
3458727398
587500472
305053869
457210353
2737934494
4045968302
1378214652
221391580
285483446
2588174524
420633254
2620867408
1393295912
1310730630
2619898799
2636501030
271984720
774545832
671945775
220968962
2720745030
1997697418
1581629221
889367928
2638007670
3389377303
1331134803
1866176813
3893149956
1208327575
3221726758
3579402677
3023323577
521892359
201450610
1279486658
2301059539
4245728951
2399318777
457416731
2704567594
2584321083
2466379732
3591780549
3590562955
2385900476
236780533
2138612869
1912907911
4065990991
1448886407
1526898399
2690617141
1262788172
355543609
2367404666
3913169213
4180944856
37594111
271067709
675131233
1041478266
1664923611
2789221679
2869119044
3795967991
1545871977
2722377027
155488471
1982194259
323223347
338106678
1008834254
3962024651
1108068540
2031200840
68004416
1915810693
1629939428
269808886
2038259188
1816984719
168624786
1227297566
2150089533
503605466
3646400774
3241004796
1044095735
2620119353
2551016529
3677660653
3629729836
2919722884
1514448136
1678602353
1913094398
2567943916
1946370117
3809664951
2969762913
1093999693
1199065602
791478510
2687475860
3758454978
2063601320
2466468765
2436068647
2636858560
2671840077
1547536849
3609922202
2806177499
2785236290
3777239097
688433915
520429462
536955336
2556328535
1192916942
1663128539
319155829
2586190143
2285875839
70273156
2618206531
3528148257
3794281781
1378617740
2870215393
3711423922
270897236
1864993861
3691256676
3677368573
1362508392
2654742803
2810478546
1950126146
1359230358
1244381291
3793693771
573902112
1363170129
2300452748
1487182387
1426750350
1883287855
1026287134
788873777
3745289111
2789163613
3895474611
3289935917
2135811172
3338686355
3779269601
1815266311
1563944249
68327365
1412742651
1007092541
825070767
4047359080
475439933
4213108527
1012368081
774783804
2823639444
2217302163
3392203320
3475532681
3243626620
1547939281
4161141720
67546057
2516613621
2886283622
1494136235
2642946667
151774238
1549127859
2889343359
1294963493
3413872193
2972944769
4079208969
2670472530
3945437356
2703773472
3441577659
3523338170
778137668
2004947698
2486439462
2889016796
2368345698
3011680131
2634275696
34589095
1412485597
4076915866
3747290893
3848141649
155474533
3947110033
2217171078
218747314
4248508486
3506688872
657127285
2433918685
1078088270
2869547992
151605388
3525950701
1328984517
3797262924
3105448694
2440861394
1663852398
2435733283
4144334610
992370413
1241792234
2138765379
1176259891
476460428
473223733
793469136
1665884755
3929470809
4248849711
4027094869
1214721228
1865744939
339547667
4147297817
70747804
2080741146
4060977926
2283840917
2080416370
341580329
926903482
2835689411
1276317449
3641237125
3616518973
1460611479
4100123525
2584925393
1275365598
1411913144
2970046337
2354140912
3525216890
1428803291
924561448
2821945498
201761236
352557809
2268443515
4035292588
1259146236
1445927618
121609610
1446439237
373672260
34494078
455990794
420358742
1228027537
1124347364
2936140
173562712
2874582927
708168170
3700314005
2674199643
625015192
1884054845
2137287750
2315915926
2185719713
1361556498
1161743111
2301980624
573991213
1998909434
3607394486
2872763207
2737724598
2754767942
4195336887
1897874316
277254771
2419984489
897259175
1356792
1045337708
2556635515
455096016
2989806778
3292958207
1146819472
2839631796
1343732911
2738595018
1158196197
555322271
17577125
1847363773
2837356850
3793800316
4113247407
305623177
3977464905
1409570157
3659250690
2184164300
3356631701
2554102794
3039550807
3897202510
1564402410
3390565726
860542424
2167921937
738314777
2450078097
2249862209
2131060186
1563104135
2785175783
84141255
1327900129
3878191975
1919268812
2097277142
2298601326
1393398616
3741431355
2638459687
2889893935
3998631458
1762037860
1496334613
3646502610
2688361562
7773668
1546917809
475438769
2132963941
3875606770
1225887866
2500489423
1984747443
3188016416
2386011333
3277222281
4030633995
1006804509
587735177
1581109415
2030749396
118013198
1344436349
1276909895
3104850822
2643729089
3926884066
3135435
3845383820
570729921
4232907206
103576799
775319769
2885994294
2969865679
654526531
3305474252
2298743514
1715260703
2620429587
590361309
1997591977
2183833843
3171245754
1800860316
3511448823
1280881558
3744964652
3426045905
4231846065
3037026108
241662283
2352065839
138282233
419711289
1310773632
1896112098
2787883255
1715600676
3171447670
287520076
2235703717
1381774061
575550378
4016048521
3775039524
52800612
67441354
2063841832
642009558
219147563
525543503
1010568107
2522111465
3877278576
1532230347
3272659401
1846360216
3360861473
2466369337
3409044348
151883303
2315558483
910048764
2353214272
2772160786
1627839074
2620145063
207945232
1112560491
70055513
4134727517
2419958159
4253521533
1410162358
3828514028
171201044
4029667077
425035204
3910973041
2687506620
1697275445
1462950375
1546643636
2990770036
4234287761
4166602620
1415873687
3020194482
688300701
2452862655
203109188
3242267431
1632384985
3531600580
977081945
1963831957
707886138
1784415437
537166872
1633346822
758287266
3087048968
2332803396
3742297069
995815885
372001095
3255674154
574328829
3860514607
3109800308
1701990911
1563469147
797198686
1681708058
3827728689
2387700986
3862129056
943699697
876314380
2471659584
1831158551
2068292145
1867302909
2384804935
1882170956
2838715105
3225659187
1346229511
2958200311
1560399827
170871400
705472418
488813094
3323005337
3543617854
960995745
3087126660
808096998
3624076215
3963266500
3339000911
761771603
204456811
1246008918
1077204589
3676750686
2100969056
608850762
3661929528
3242660226
2268083532
3076830790
36689858
4063510274
3332204310
2520029105
2955441340
1177697623
3862146654
3254991084
2835622891
1426399975
1732513763
3473110899
88417987
755546704
2334604930
2701488624
3074105742
3277335043
4098623446
3154574119
2838622150
1074604917
2435617042
1045761333
69962732
2938563617
3595492915
3748760110
3826725935
21922535
2701642922
2500682630
3405857951
3456115955
2701478106
3257275793
707996405
2622730217
3023369818
1127217222
541396440
422885892
2441035871
272579319
1009638618
1010104312
2468479656
2871259023
1467252934
1647631385
591989552
3120723577
1614443147
2912995
889311820
2403123634
4196695033
3106141066
2503317488
3446843
4033259331
696232905
119032246
1845604322
1963432209
1963061756
3934673637
4180566911
3758915376
1982022873
3577514848
2423100132
406022890
2973077904
204778910
2569370393
3877864264
2133387324
2785356588
1296064593
2751694154
1562830032
2065972581
2669691727
1865715837
1160687404
470317120
3997689601
3422992976
3962666213
1211160688
100819860
1191932296
1227873879
2567184789
4077383862
2601512672
3661449077
3660837590
1731985633
875849523
2366228408
2869481469
910113210
3208711155
2504099283
1262368782
3155540088
1583716864
1312139790
3913051616
3291347556
3813947030
524443933
1677986306
1263825044
3254809240
3741903528
2417426781
671588348
3307148476
560237448
640088882
223045250
3528818838
1291953537
1729112882
268856074
139923899
559755652
855934500
860618333
2383924365
3210327797
1295510178
2432773390
1060923185
3023415981
3912495385
3560565537
3659830448
692358838
3224615282
1061175251
253507903
1846308678
3331205782
1191494429
808683919
1614363997
1394574153
4131283729
3307639553
1178328238
1010950733
3023070116
3365143169
84198202
2990437893
1899100927
3192011913
1297600276
775158196
1964549425
3074247300
3137892208
1613571596
2231420092
2718573250
2232000791
454023449
1565238102
3187968146
2754806453
1946382077
3325286059
102936510
3372492192
1597129188
620788467
1228274004
3339174945
2418204326
520456220
101176038
440295259
521603091
3311052541
3880113329
3793933463
707289496
1728101837
3577585536
1798552123
3741800944
2050212850
120718953
1258419653
3393989443
2888848150
4261858162
1057356506
957174146
2452850661
2454728679
4180167405
2334787212
3808719264
4230162334
1216292284
1850980855
4013893025
605771412
4043643511
121038350
2418750778
355696361
790514595
3007232853
100942632
626251625
2554150967
4064399457
3576238442
2114470250
1477924446
4112593221
608447305
1462555339
4279629024
2905776365
2785162396
3037029604
772903627
2234949234
1828975816
3107898066
1158333875
2802074032
1209195248
2252865119
2206652261
3340110033
3357599005
3024441210
1649326340
387768997
704679334
2419294442
1026888209
2406111957
1515823183
321994048
1611406171
2536255192
2972440226
3844306520
2701410513
2785594607
4094844803
2367872204
1009317112
4211729318
68417149
1194835912
2567920277
3726672719
4161846932
2268466646
1964955523
3778219530
1527580395
608266195
3054018656
880889165
738247058
1647253067
188893976
3641236532
2098653697
1194062168
1647591743
1277162908
1294037697
1647924153
1516922695
1778964942
1191836542
3057111835
893506041
155194635
2237900989
2572664668
538965330
3861310457
3543866396
2634426080
3123304373
2030302932
1712631948
1845595027
3645273302
4281549808
3876385339
2400292931
3489683163
3509961009
3693661465
3812374974
1863129277
1816152448
1462670576
3762326038
1678025307
3173421515
3090132336
1578205978
438855794
557584193
673171677
2969823921
2067127771
924327270
2707593391
2392366972
4265000562
34975417
1025760001
2469775776
3525773524
959236999
1057814330
2255511257
2103263202
3996414181
2785469305
641697429
1060288039
2382652065
3372616937
2871205565
537736412
3657701546
67213974
103997553
3758346423
1747612885
1376005430
1852588014
1631287178
741062784
2718216348
3448055783
590765518
4231333773
252007549
2824418229
3475975191
1664256107
3241624776
1296537986
2301161252
3895499853
689968313
4029995595
2667801496
1664378255
4214057782
188894112
319177908
3088264421
2505315215
1797770214
1110725662
3999712940
1814750404
992269513
2787490523
1091364922
858417935
3406676413
889508621
1342971488
1395734164
273511789
557006418
962887025
70298652
3543752571
240852604
205292095
1124077080
1998175901
2854315150
1563806493
2368682602
4031517833
3172681696
2234939215
420489838
2416485707
588450573
805394152
134486459
3933902030
2889425491
1713458938
3157373488
3162936504
873725279
2505136632
992683929
2620863679
1896582069
369434177
4093682889
2869560964
1529956440
201652935
576529285
872546671
1934811391
3762225082
3359408096
154329276
1377075470
3960147667
2334244783
2720815793
339804757
1313100699
2706718612
2520624529
186152046
523320145
3258007530
2130789417
2753853910
607486951
4045832645
3155482171
153752660
223243055
3978879401
3877939194
3644567112
3976475077
3062034792
605013257
625015704
523573301
1363697672
2081480938
1412350924
637859151
1260428111
3543512945
3006158940
1077202795
202616732
2672460646
303142783
1312563793
1309161225
3344327291
2032492066
151782607
4165408264
604202367
2737037220
3342139524
3724615304
3305396918
704736943
3208764324
3087068023
1560563423
2635509921
240766988
3104083121
2567146024
536933582
2488269150
1510983127
3691344028
1560290145
3909463605
3464087005
2927452711
2483355373
710127954
3422764566
1395946158
1377034047
3003620728
1325835696
1815877815
3846112726
940497421
1176304088
1378090917
1713632279
3541883701
3053684784
151137268
55004035
3258983918
1946839757
4078395881
3796930497
926088077
3506620782
1613140442
1849716526
302941326
1427652343
2434761853
2584602388
4146100920
1682062386
3191611718
2370777414
1396892526
3342770795
2534050012
1900018382
3528226805
3442027253
1996657874
1381055233
2114114231
1661252309
3641007573
1747331710
1159405159
539861636
3173235124
455129248
1359987777
4129618148
4081903140
493962528
2202609252
1225061776
2620847437
942425086
153475010
105273475
3460169872
1797337599
4063623347
1744900865
3422556253
4031751164
2265445556
3691654829
1980024718
1847849303
4213912483
1644442378
841762214
4026799138
2688146196
2718690282
186787426
3411509467
4247995349
2470854277
3695087696
2637229155
539725351
672891702
2147615012
642609952
1094545037
2704506510
3598645858
407229928
620879227
290141724
3494198231
1074336889
1463135763
3372692968
3526180017
2050474008
16780425
876835610
3623906545
422924542
1800681925
3075521418
1429926283
35835748
3676409750
3389590385
708254633
3576826227
3071223244
1917916907
1830822161
2685497445
655517380
1666797170
3389951717
658823629
1109748163
3089150012
489613478
2588325540
540238761
3475284424
606192359
2253292611
2154809192
588058039
2818741543
2903006952
2518132514
3121212797
607156350
1846005869
270924947
2540039968
35628285
3594931063
4046799642
3473690988
87015259
2082612665
859590609
1412670339
3959891727
51205669
741606427
1462608115
2836993948
1208873659
290387370
3525914309
2685909884
1849464608
3674637170
3796060695
1462928164
1714717696
1935546714
3440022515
1629714043
3948913576
2017592807
3056029398
2019771610
570744918
235191615
1363483829
1125815364
3176289041
3548450238
607936358
1129471524
590809911
3272022389
2432770159
390255981
758526017
1258490823
4280528001
3425849630
1529048746
2773004320
2183285913
2288352230
3358889036
3980228118
1597824276
103997990
1665467581
402689784
992520337
798009486
1799586829
2235851092
403459698
1648280209
2419082028
2721254431
4164811539
3640780411
269310038
1964832403
339085680
975746790
859016057
1631363648
1511658000
2181370362
839875806
4162973832
3779766470
3612013675
3727886576
3761943242
558576262
3355853157
474188357
2587920877
2553594439
3378029744
1979791136
35428846
3977374845
2332168802
2388964678
3172631792
302799086
143001779
2906715695
2887214467
4235810006
3305488084
339741230
3781421306
1613220006
671397599
3963017829
2053445277
555353375
708484474
1142403315
4081285132
88189854
84361483
473057371
4247299382
339074104
2520581100
219330302
2351887514
1479743875
2455219809
2718157417
3675458708
3054151709
1764146357
4046183728
2652348243
674463219
1662542640
18653279
3557737641
2400461267
2956321542
959738920
476440984
1177919677
3426009366
2685808657
1966173367
2936218926
1476892953
1162103177
1028110856
253168708
2115921544
1011065200
27088660
1429127269
1680930170
1426964247
402771980
353173637
218512523
3997282042
874300696
930373149
3942922797
1234682640
1834347606
337773875
3322196559
2183687173
1845933025
3459451875
256529648
3090124556
2382799830
3909807739
572566749
1009581542
3808837660
1331994873
221726134
2805394467
4076921637
772031181
3508282017
3341143330
742484913
1862822636
1426527596
1862615232
2399183402
1145527737
640191734
1795441297
3627998465
1696939268
4144127643
958907900
2432749557
67915989
671374005
3389264524
2483036796
3477027773
1227161736
4261937158
2789072731
3223272047
621506190
1728242669
3040856973
607316836
439819938
305210282
34378514
1277641998
1631362488
3811593870
4280918509
135263754
2388369158
1650853237
3174529570
1007251116
3813551012
2769384173
2370150978
1832087696
85058414
3999541800
3811297771
272318185
3478361440
3475180815
2703779480
2940124952
2097962712
2483435308
1946384583
235663850
4195358846
2685590475
1394845266
3697432746
3256659437
3946405238
2170940394
3742079449
1393925472
102794883
1177630735
1249532488
3260202846
67985172
1010875721
3348142794
440190917
53978607
2114243689
2536521806
587715523
104915793
3993067084
2853104240
2052307144
3599385099
3662603761
3244071751
335720523
537158863
21632422
1678629570
3478753454
3792475903
3995002033
3175159885
3372329137
3087951928
3665510347
4197437807
2318720993
3341938751
3510837608
1661169944
422193426
4161143473
2738879471
423876677
3561263922
4047807024
906931203
608182424
3946717906
2605565577
404523467
2583922027
490741833
3191049211
1107688422
3892555745
1157790694
3023939398
4045697743
1142686476
53965431
2165149806
2420054143
1177209953
2236606291
3308525274
3694146178
3154573304
3409689879
3037930207
3998138832
3070546388
339859516
3512277251
557823871
4094031576
1111306583
3325113476
105744231
2434275168
2250189864
3120955544
1477956135
3929032846
3847674467
2118195824
1160973069
3364289731
1228996647
185354014
3592183309
2055261619
3964435951
2218809439
1178959588
3258840757
3596982672
2621619847
2400027621
2368809031
2518774845
1194320179
1056952
2656705946
725038980
67374546
4080005312
1580563843
441223433
4097857297
1912892011
1197018058
1494283286
3674644393
4114405892
3509503771
1444623770
3792696467
2819597561
459460515
2635841099
205747470
1409315697
1832163239
2973501471
1295355869
3274019831
3744572485
3053512634
3057507540
1024138709
707644474
556600547
1543717506
1899893963
1594693945
1010078709
3172331415
744867948
2971889296
1208054463
606194255
978181808
3175844765
3448422209
3223488647
3579880505
587520150
1546832932
473967000
33797095
3861404325
806352286
1342475245
2202303876
4063469722
1766628146
690816211
3154291561
2554375727
958319153
3123847362
2066142175
2201420635
2083833529
2301755825
3442525263
3222204823
1057398892
339294071
1477211344
542374352
489117461
3657565827
3177276227
272472859
654742877
4213561665
4130375458
4205057055
1447013594
3980268039
3258207478
1547035143
2885952291
520827629
2199371296
3459339436
1176483592
3020207041
788699848
2852392124
3575328929
4181710324
1949233254
1276036573
1395894500
976434901
3608297983
3040084360
2553633821
2871833235
2231712244
3644772878
4286892264
2083867223
4146346031
2384199028
127731442
2837588909
1929925327
873985217
2670115123
2318629859
1244051618
3056060973
1145335225
3963449196
2739859034
2080946062
1443767637
654888764
2085220816
1764883432
2182532238
1812241074
1646658184
2101736027
152598722
4080309555
570551440
3829248478
2488026915
1229079325
3593828781
56030628
2903484382
2738968454
2233659722
1378807822
2308159438
2617733756
2970001093
3577940932
3764450048
1008479339
1075865676
2315960615
890866196
1210702271
238897547
3995343540
121100918
1295946745
1160922927
890819255
2551174076
3845334029
2936788516
3797152618
1463019596
1982765362
2973647128
2671471843
1932906188
3275624856
2435958998
3794776942
1076048809
2098192757
1829571994
4262436013
3307709305
1224828538
2050237386
3179609708
1577771290
2403179207
4144458870
4179931643
3260812454
3355956777
1949903273
3879823701
85105418
2453212265
3154200515
4197872452
1278533304
3188299742
2214796368
2504449713
1378528064
2502338172
3359188567
3662005288
3711634424
3661651409
1594846702
2855433359
4078061344
402958522
2652574110
234902922
3674505703
2736827813
1429437496
4012073076
4133410994
2819988466
1665332968
975358412
3643055567
4110610863
1074108243
4244752988
135026729
2400790646
1762190920
774583028
137629283
1328701476
3342601216
3055063631
1112008710
3158783043
2536962936
587719979
3643446478
2151905109
805343190
474434594
188209965
607947212
3829331910
1328776868
2098789306
2164547476
289267987
302258260
4077004620
1259977389
3846681668
758169989
474771181
839765690
4082058848
3359541106
1328768638
2583991351
522817260
320102387
2182901490
1744890531
1148050309
442731877
1781673334
3883378266
2385961795
1998334609
3457083169
1245518223
1580911913
1577434072
238260246
3827030702
2170308336
3288872449
824241130
1144368317
3222088571
3325293578
2534077038
3898188966
4060661028
3443099049
1965209474
1697954169
1799571715
1798710237
2988492513
1028409922
2735259595
3341990500
2703768562
471577268
789033203
1933266432
1496091896
878130084
4080628522
4130637223
1116192111
2452790498
3895170427
322786842
3476268145
3374574488
2216458304
394335633
823457001
2369422421
2791456175
2704203181
4181477377
3440063202
4164283018
537809776
3509728205
2787690964
1865680677
23638725
3372916919
1747681640
3442149110
1882162285
1342519865
3760972911
3909248134
1796179393
167920788
3573835210
3578084537
2926726133
895066827
3441686954
3779330475
1982377891
506767875
1145537407
2889101827
1745894278
2266215534
2920648770
34614214
3610921672
2693170793
2869107926
221722334
1060235652
722936243
2484056565
825507309
1549722604
2623203235
2349140341
22201351
4131170896
1260461878
977174988
774646926
352617527
3745600274
2418818640
1594658890
2014126991
420330731
2702301250
1799537087
2419442970
892932682
187703756
276644063
1834371639
1980254884
4246310212
943980144
1748843883
3864308438
3240047095
3692329741
1090817157
2654305479
3882272769
193014461
1028025725
2838804602
2821432599
2013688230
185048122
707256433
1429530303
622832832
2167464856
1325817654
1143188298
2652354540
3910862181
3427828583
2063820625
1225335869
3626085133
3993304813
3492824781
2734782218
809503829
2668441884
1562516786
3995737990
3493825703
3660219115
2754999793
3946047292
590460718
2450605766
2936525021
2738635667
2738082372
2536859498
1009115492
2433400306
3475256797
2869758969
2857548843
2604585014
1198883607
1596124601
3716185064
2251607628
1634230180
892601252
1594677966
2688008521
876374637
4030869856
372571723
607737272
739464735
3204752314
4097457389
3491684488
2736536798
2622556435
1566352925
2315611397
1464548453
1983606687
3157307140
4279240545
321573112
4178698523
2651577783
1110013578
8107221
3608056764
235823275
3459613824
556324099
3224494712
488657876
993949936
537466830
758558015
2820083612
4030644745
2905130273
2751592853
3741555286
2786131094
960508056
3295472187
761746780
2619839146
2869155408
2838323655
1519106
2100562601
1753760111
36751212
1529574978
2150358639
1026833986
154139502
470562475
658134783
3964511301
942837707
4181193211
2014906404
503950835
556160805
4196294482
406485918
1627706293
352450367
713099678
1399563485
575556267
1837982000
3626133437
3429305986
1208590574
2131504721
20198325
2869789857
2166115920
1395755528
708582727
1715742568
2872186589
1530186481
2184360268
1629968478
2836157919
2554340911
2489024183
1310173306
122861653
624781785
3794024683
3613762784
337787814
2449831971
1433240431
3506658211
1883038347
1530151864
3006089355
1410630781
2919248846
2769190805
1515363840
721529701
335649211
2736972610
3778800690
1144499729
1766953924
758010746
1208275386
3340027494
2433521926
1396577674
4062807624
4245461507
1061478347
403098237
109326540
3406837969
1462019877
1882616621
1144339311
2673244859
4062077062
2317116845
1449382657
2365618767
3462798407
3154621556
554271238
1213475976
2051509768
2320209855
3643897043
561207611
825417407
336652370
691878145
692273518
2821762178
1115692672
3875840240
956528514
3372223578
1728977165
2518845865
873182808
3526004351
4144839968
3010906889
201953255
926155039
3041473329
2938499949
1681098463
1864387860
3951188625
2519487103
352564657
2570881880
2922863234
2802265903
3490650287
574658200
1729005827
2674441035
1447759939
892558915
3691003763
3842758187
3590626871
993144408
3224524303
3074330341
2487125304
1577334392
1646545705
1261070828
3222220542
2270179834
1966401552
587538758
1862290635
2097804315
4979913
3557474708
3140845609
4113280899
3073390465
1579186317
3394338768
3475726163
1107466217
1228315923
3643779052
2624747621
2286091800
373455737
1082127972
436517369
3205377568
3037086347
456357111
1497565196
1611166089
3692313677
3661267152
2704164113
1277400538
1056984045
1963703103
1698645960
2786174225
2938996983
2636879502
3090194255
2937393759
1191565786
643402719
907341143
1629275797
2987691999
3378067569
171050638
2116773210
1965698935
1915763853
3512425618
2485585095
1728133494
1126979241
4111049683
3424206124
2910321597
642211191
3910593428
191109795
1543650457
811005322
2637248455
1461823065
4181361684
3576315431
708771806
1452583307
1599536822
1412300301
101611947
1094298552
1530624921
2585672973
2484010562
2082167377
1026484694
184563700
506822323
3730522419
2217685311
275270163
1527904541
3174155227
1646150988
1982124119
1963886069
2265142190
1040304721
2219599350
3174954357
673587057
557683390
3020049204
710462744
134537761
692203737
1040527582
272208686
738701225
1292200977
2047266803
2169073552
3055737072
1865529816
3087814347
2857129528
2936933307
4094956998
1023589640
1058229820
1567813677
4215918116
3036846146
4177666016
473841736
3426527206
1697740644
2469619702
2416022337
740575379
2269925330
3057615081
240460425
1816382174
3718541601
2940492219
1933332321
470094845
1929657087
4131869564
790850666
3560757917
538906783
3995182772
3076836709
1442861043
53952841
3160036435
37795921
3104842621
1448753417
1110120505
1566620287
339029257
2611368803
4197161113
2536582309
3540868094
2365670652
3962521441
3440121723
4217719189
2912073795
2286135111
1981830907
2132571810
422790543
1577268529
2233886259
1494170769
207645014
4213082384
3646691695
538164027
960257173
1946854950
2005180523
755955410
3442413491
3858907539
4164028635
506508644
168232168
1666606989
2601342048
1728298418
3778609778
3624403832
2185077357
1896560069
2422232277
882800383
2772365113
2552329270
2389234258
1261076765
674308658
637718267
690906663
923407726
2034021896
1761775295
3662567490
1023860164
3442000532
2738608971
3608560874
791254959
1460456883
1479749995
2617647511
3658030242
2383594293
3339057474
2218021754
388807376
268742395
2471257952
2639441
3980244079
1228558231
655234164
621974751
1764959767
2435979983
1731795110
975909951
2248320685
2200704655
3207390991
1563104742
1359784391
2470250493
3696056977
2871964224
1292506366
4262379450
1816127459
4061901743
1597964455
188546710
1278237293
3796058828
4049012484
3087824725
962561749
4211652912
3460071595
3683544545
2050031688
3762664870
2872069153
758141211
58666522
1951602621
321447710
3847060712
3212405216
3659746132
2820374912
3023406457
2118754442
4029256032
1494033669
474221603
3358833010
3123656769
1695782978
788992442
3414066352
3810258499
4144950315
4216382190
2130862541
1530824121
2383159761
388980863
725048228
3407627494
1024992314
3993348824
1849548262
4244822634
1985710437
3157718473
184939529
3257209918
741213489
1211425394
4097227795
3173236640
1192070529
1074079356
4096485941
2654712521
4213865588
2190892342
3476330640
3728762009
872772811
3962867736
872693441
2449864088
2869110650
976562546
2267274876
1899178370
728485542
590469550
4110723083
1563589037
3684290694
1428742211
4265962620
3609881019
4050082947
1644640279
1813518971
3580133728
846567112
3106961562
1258531180
3543454201
1415906227
2572954513
2886367596
3526746277
876602960
2147779688
3311683589
2690014867
1427097641
1074468831
1194056596
2688519639
3610351888
1060306841
3308027865
674172458
625309691
3876059801
1161489458
3526256930
4043982983
135555752
1583164539
3827576059
522900348
2973644657
2720505557
1128406220
943770520
873770286
4229280547
1686543968
2936326604
1027821861
2786655647
2619696059
3996644651
2634152988
321947882
2873422950
3105015832
4079028538
3241651143
490634908
3242139890
590699506
3927048951
1344211560
152532837
2098093846
405522870
625750072
375670577
3730480276
2014622131
3036992603
1463893543
3493982689
2133111880
1863621800
620765807
1047937315
406069166
1174696328
3645667037
340548310
3025899542
1197861115
1965233761
84060939
2082247014
2554019677
2030534905
2234302746
2820418895
69486680
361015763
1043291647
1409565906
2421141348
3036968100
1984120353
39270533
2013615571
3140204386
2905589291
2894889807
3070465494
4028629610
876290150
2654745660
1965657380
1045649881
2234729048
3948631542
4080739586
1110805663
1393289274
2268330471
492360453
3442282803
1158866570
1898019756
1459946890
436526904
3915655051
4229857429
1325709574
2186617210
1795508168
4278412658
1565275458
3036997614
218153963
822366139
1832597821
1529121231
471628772
2301767866
2653418823
3308402603
1260673677
3089574677
862254728
3875977048
2789127024
2202525362
1698388074
3441174590
1245332220
221575275
2066801081
2283055921
1785111254
3357998799
4027487358
1157678955
2787116889
2047430105
725214130
3859148519
522928906
3327553973
1044192987
1663771373
1780529145
2147784895
3240277003
3909615327
1479223290
2771388051
255663502
1647779964
1183858637
3393160645
4230544534
338499345
1929636735
2265248942
4028131178
1441773
4063939611
3207685535
538291553
1047999396
185197093
3493609309
4147821268
556190849
3863118721
1829070461
2986543802
1580598388
2978062281
3456261153
4197055616
760626474
3271867326
4261776336
108964933
727013090
3875829131
1562933916
3238403025
1445397526
70386758
302928516
3408626682
724747799
1982446902
1845810572
4205209973
1193773663
4231767432
3127976036
1699029015
3842212607
2887991513
1376663613
2718386031
3930168058
2819421942
201479219
3355908067
3022289575
1547616585
3926378532
789523955
1327856900
4161457533
2165078172
1765446699
1497041311
2467913206
3540940531
1060338162
842958021
2869483196
1043457704
3741584798
1329410216
2687995074
2584642046
3473017014
3056453612
2222513338
3525002874
238402355
4144334754
355280601
3658694722
1433701295
71292244
3275180044
3548140938
3241098936
1279661705
4245437490
992826315
608411785
687905725
2483677558
2802708695
3846359699
272020539
1010049034
772587921
3801911071
1006978804
2403688540
2806030465
2500724476
574359082
623860853
1548202760
1463661012
1680906603
153567496
2807723495
553871250
3325736012
724422577
3506769599
2351483318
1510191887
283477
3242069127
2201833790
4973934
3308090264
3265606711
891731856
2669337119
1343721454
2671600587
1798620652
1514133368
3962784263
1950089482
1228683409
1380272080
855903009
2184652552
153861363
4180759837
3037607457
1415867502
609816829
2551265447
2704760296
3104214236
2870555161
2033348367
890238687
3321957458
958960562
2233802442
3909714969
3845486785
3311773800
2722263069
924053047
4278581020
4171562889
2701328562
740414453
1309079719
2789395448
1023858127
2298702116
2157233343
3708142280
3275406316
1828983687
3372606253
2102842562
3597095952
2301784630
1411707177
2602491694
2891384478
2755755799
1128239559
978019089
2333643510
2083382118
961659408
3292115543
777084370
587630865
3794190829
2065616799
1459831239
67900712
573737171
3711653396
1510667009
2333393089
155437518
2939191973
621249956
1362267407
3525833877
1299175948
3246590906
4199192105
1829065154
3526821858
3006576322
2870429111
909264046
708550847
3372547772
3391916999
4160997052
2402948320
2383680233
891090942
2251555460
373505824
1795577040
827044136
825209316
2855649981
1744867410
4060908996
1764136497
1937082635
1128165126
11
1678522658
3138203850
2303396722
4166839040
2116883581
355958452
1630928944
2671886465
2184990507
154635706
2621087455
3877011897
2469185734
479996886
3324840154
272210975
3928106426
5508847
1311840453
3695555651
307375748
168331878
3156761470
2620352174
1476673383
2165122440
2819420058
3575788406
2975559886
973395253
1547981738
3322943274
3627634339
342742462
1562141744
4247491121
708146805
268778918
2794989323
2854907352
808359117
3276902112
2736207094
2503561586
223255574
980731822
1293124599
3123922636
1593945095
1228039976
3326939183
4129961776
1313684058
1325611050
135557290
2905787611
3713895549
2536163908
2668086411
3025373776
710109033
3225559979
1227602414
3524044230
1932650087
320826841
1311530456
1662962045
3389170622
3826865258
1007786326
725731857
1697835913
1966105976
942797884
828762466
3225785841
2416853209
3612061392
3056127702
791527901
1564428408
1362617566
1180255725
4002215423
1029291166
3191096495
2550632646
2754915915
3997241459
2336407092
2753077441
3045927508
155251723
3809166641
3759425233
4079382889
1963273895
2793810922
3793867178
825309379
1532535698
1932600525
2282682308
1295267479
2269180780
408894554
104410657
942814675
2835996713
3644709072
110477022
3137917760
2385265378
2806350513
2600775877
1504093932
640040955
555964780
1093056051
1395671592
4097832149
1830328507
3747279820
441774025
2080785310
2854435370
1328046832
3375328297
626196841
2923623503
1896112887
369186934
2559764946
740997522
3322192567
857524063
4165182720
3540600499
3057824282
1460122273
4264836595
3374760232
3325503340
671659055
191404777
1124491929
1176642870
2939334647
2117713330
3909704189
2706203208
1645212284
1849123325
1848736981
1932468962
3708152737
3241630569
4094029224
2437515405
388352305
3291015390
2820459998
1174945644
957754762
1863589941
3410596923
824830080
3210823080
1025016931
67813222
1029338516
3912064256
2550425721
235845590
2063669306
207923285
789006870
321647241
3357969170
1208199141
2017896799
3780726488
2856528629
3137731482
1728404014
557622196
573883239
1782917527
3425686035
2755362300
1264442054
204758046
1797749952
942272612
4027072720
2284451333
167906834
2809921891
2334886784
1344342077
253904889
3780316010
101684123
2451741224
1835364947
977310104
3393297424
2252045869
2720990206
1581923482
2802345941
305280764
436775819
1292126930
3881907648
2071783115
2638108555
4012640905
3036984371
4132016778
1040974155
2689648215
3408619296
2132853031
2852851828
571358815
960474086
4144876087
2047416594
946149412
1095565829
3758704889
2903781684
2371245397
4080897976
1564801281
624368751
1888042062
3071173754
2134355352
3627972533
4079213331
1762692416
3489669791
2049997657
1046549777
541298552
241049416
705246676
2117761284
3644493933
2334604475
1241803237
3238394104
3292856496
2553342444
4214456744
2804045682
3590772199
222079840
3075406346
2585763563
637816077
2606507498
321969478
3717622508
1126057359
3610635282
3071357305
939784846
638189360
3577537783
873714460
1159054752
1963222956
3678783739
973442771
489700896
693072521
3825816539
2164549595
3592950506
3372496557
1513498421
3089632562
1917756298
4944448
1730609463
4136272837
3474242583
2454828546
4129504655
1862522620
2269874608
2550255897
1798358178
4026820407
3138761198
2688552557
1042897900
3557113115
1950578288
3459405274
1260628863
540933869
1915462142
1899162121
995673556
2550422166
3764673449
3106633485
2974856960
3827920095
3759162670
268922424
2684640385
1164197456
4179979932
1347731362
244618824
3694504918
1617781115
3422769646
2248487409
84037283
1075874930
2014730952
3174348969
1512228257
4010134052
675104908
3782736583
3040244290
1618056173
3877406244
790359404
1885396756
391354096
775553145
4146939145
2150956749
2298936498
304653550
2605285284
2416572087
3659966672
2316508188
1160414716
4130711726
2651305529
3407627269
675801652
1246506238
2989812650
2500286040
3962412788
1512248960
658227621
3826373731
2299654324
959811442
2151371882
2787907672
2183562222
1443663110
2335487744
707088554
1128425542
693964259
222327458
1763725256
1932733840
4045341258
2551231913
1414594133
3779919409
1141670476
3926754714
3578543101
2720500213
2622661144
1024462208
588495353
1259380510
1813408089
4077085577
204165045
3541251684
994076312
1934407336
1325783771
1730735588
1845831081
942050083
4178910021
2516852326
3724808986
3041339943
2304493512
1682658133
539992972
3591172007
1326415654
38165568
2385308525
4181151945
1296337238
3206814945
2584558679
3760970752
3440405807
273325583
2585963232
2400629949
121595776
791328153
1443275664
2921954249
3423856095
1445714407
3008163787
1381424430
470240755
2234797509
2771569426
3945144596
2876820366
1461033176
3190593696
725249033
1445319502
620961048
3274801244
1395947697
3225331695
1981332056
3330543300
1953311646
1461962773
1141756765
910634657
3979292300
2483383614
2284310454
2215476977
85160178
590518463
2825360407
3624236288
3222531021
573569204
3305119005
3508050887
3846263335
321311112
3221715917
4214286568
641909346
4011320998
2822638568
1245259816
608525235
1545741894
1645982759
3959727412
1560447667
3607464968
2856006498
562058466
2164586440
172901473
2587233634
3070820433
1632285551
675187661
758498177
1208585948
2049237808
4181826073
140778912
1110176509
2319422642
2670820001
4081811314
2955424548
2707678040
4063472818
3356457290
1965400145
4279656606
3191083525
1042186355
4013853800
2286118398
1295196990
1193081092
2232769381
1210301442
3475419671
3456297963
1363409003
541099064
2265244189
4093720856
4246704618
2051500040
625766978
2707802379
507193016
2502593951
1412859518
3272880951
1148576172
3976248536
1208254454
1594947860
151510584
3879312713
1728986942
1362417762
2741140655
4282339829
2000304131
256679162
1359348174
336932269
3842555348
3626325144
2770759510
3239116067
2202800726
1376313989
2609174762
1028842951
3965775144
3272043177
2567777722
4146796975
587602352
3021740182
2285921918
926370164
3423701793
3510426654
1342214421
1666716577
2248549268
2622045790
2910408129
2754709745
3341333662
151281976
856172834
2690040944
1528019978
2098775225
2384704118
455644344
2251968839
525292316
2839590447
4062924707
3138469663
3629064729
1242143050
1715930961
356568682
1074014682
1681684919
1818750651
1913318451
1779903681
759261013
2469772813
4194642937
1243320687
2436573050
2619953048
4101215943
806212567
1158984079
909544217
2065578978
3912962448
1396577234
1409567019
37901165
4244982269
3965463791
556091436
1630861251
3058063243
2333430044
3999554722
925511997
1445514865
3712036429
1141787245
976054054
1665445284
522787741
238927461
3609745842
1852071775
389858856
490318641
1241616975
3594628542
436493284
4212371140
1025515710
405724893
1732277665
3238843896
2349494485
1208542362
2315568354
638044244
4063459400
306296333
2114729073
4113115171
1026173319
453364952
2270307700
3931624236
1879372470
254484251
3523528731
1329911839
3242144412
995316968
2107343080
4096410723
2100565845
318826399
2622394044
638463847
1462554468
3523517267
555791615
3624935222
3070435741
2583878799
1345542127
205534289
2281977480
3674550980
1447165261
1563861967
2349710348
777270458
1175043281
1984028125
2503849856
624161325
168713112
961341021
3461410550
939637246
3137616156
2466635056
3791988971
4278306309
2315795283
2265661965
2014403247
2216707714
2354345494
2214700936
2268848173
2737015208
3138495237
3962484282
2673943223
269738445
153720300
3175154875
3407808096
3897096167
3976518459
3726862939
2823004976
155395312
4283849726
2939504706
692194931
805946308
2138248327
3909954398
3647217392
1428200969
419489001
1058263137
3288452621
3105321533
3148183863
1326290940
3070865930
457508211
1227096329
1244992904
1141191931
1009841373
3172444538
4046933475
3611066642
2435812667
3930936400
4097013975
2619580351
775274153
321397830
2070670825
138243563
3410286497
756639441
2756284102
3322303574
2284943362
3893111864
2373770984
1931171378
1779999821
3642207212
2770380117
235869280
2067062722
503836075
4230017411
3979302256
355517586
1377141046
706539921
3140150554
592915862
3054369680
757495408
3305339590
3945012149
204572078
2081460442
1511517382
2925089880
3223972836
2705994155
1595010590
1377437709
37796945
2116513011
2485276891
2016523817
151530890
4081342025
2691408577
2475905560
121088472
3475638294
2232334170
2855491570
3629953984
4200750092
1262354342
342462153
1509971112
3896265241
34115285
1209244424
1514433930
3509586534
1409573762
356821930
3775372020
1547765799
1678091843
2265840769
442078862
2234773674
1633008428
2608323730
2501801367
876637080
3830923576
2486405877
1578221303
2300168666
2183790453
3087826577
53824018
424463123
3524657315
3372573941
1464655812
3038248082
2470347991
912496006
553943273
4017949040
2165047336
1781554431
1494037788
4081061388
2556498975
2504118914
3409624190
23939510
4197743886
1346543315
87069448
2906450979
1547353317
3507755828
4077364435
3699334093
657402802
1124116187
1780132812
370952669
2116512432
3842802539
1746417255
1061110350
722414562
3205867051
4177600000
3892633614
3089231096
571162290
235295294
960556696
3006334300
1244328443
1983163250
1261733552
3020082785
3056534889
155211246
3728938638
2147534480
2249001947
3859463869
3192816697
57660949
2218546440
3593504264
121444859
1851704722
2757094490
1042362037
3004746873
3491417799
1631505646
1296609771
3645112425
1309655855
3477196258
993821044
1611929155
1362477402
2538699651
2604522438
2923743015
2818603722
2034366772
2689002540
808628263
3847843399
3878133028
3458681040
941992970
622349641
3859060417
825713053
2155933608
3294647902
1478897105
2485011784
52058324
3105898449
1730580852
1767205953
3711036281
3343097012
1845985592
1147461871
2366285389
3342449462
3711387777
521682955
50717221
2790927811
2184304237
3408949129
2416092239
3193061453
1126160914
489536299
1459891708
1698634357
356647616
1195860797
2049867274
3003219148
794935574
1395136622
654596446
2956687291
3321964911
1916411974
3339093229
1896082644
3358310854
1680820080
1143767277
3764335214
70498540
2332534501
3793024537
3896759730
841484073
4114521522
190315026
3660790170
3088034960
2603118048
2117177441
2198903075
424260473
1582580474
3910725729
1308919174
4079631227
3708047198
369118913
990101279
2838807252
1660954103
1719709088
4212125644
4012846407
2551020330
3929008918
1630134845
3424020997
3997973503
2873146415
994078104
2487504563
1914733724
1442896894
2550642066
2617404393
3238932786
2567315772
2020707003
73031422
1292027179
706520653
1396525118
2483597689
994992159
489550302
1362910567
2971112700
2068468094
1128060853
419837281
1603410612
2016144326
1480981898
555346285
2106244934
857612579
2070250325
269563424
2924310608
4029419718
3038190979
2519470800
2871383464
673988345
3560847506
3624468516
791428319
1593864680
2957067322
3305255235
2239776860
2802834367
2353951946
2285582657
709010268
3372815826
1312623638
3759786841
322387636
3827588777
1193011891
3422672844
1261603809
872556114
771759602
3540977305
3543607083
1814855244
2568651018
3277265032
872563809
2702503703
4110691479
1195607372
2953751528
1646603290
3741834644
1731354794
1748083703
1211366058
654579176
2876125449
2827245182
3661579591
1043937829
4212420769
3912561637
1845914106
3556856407
3678021253
3341764462
554448370
1382896307
880576951
3288975561
1094181046
394621110
3529752186
305768510
3543122949
2938382367
2674330777
406929749
993469284
2451316217
3912182247
1011618973
2186399245
119651455
2147845380
3540101816
3624804458
3221650809
1007268310
2449503962
2049948526
3281299818
503778826
3959950620
539900436
1830322361
3962847205
2805075925
3878052013
2520120019
237784485
757271130
4096904835
68324070
1260047836
3793015423
3409176957
4101152955
662439504
2938537541
4194692523
2654765296
4245486670
3644732749
2936847603
3020697532
2435171425
1275213378
2150895494
386157397
1362713929
1513424241
3074484612
2034669169
3410024812
992107149
2570946830
3542702829
1192239511
2819152063
4234009509
4164176328
273347893
3962279059
2352464316
4114434762
660042539
928021
961216276
120341195
3023821742
387144256
472664768
3943059464
2234603652
554645712
187419372
446502241
1345010571
1664459998
1023762666
473515860
673564457
4012453416
3930451615
2586031555
3057465458
54560558
171839408
4194339963
3206957496
1701953838
2828798508
50874976
2080603855
473290073
254704658
2889667432
3947797908
1345172156
1465203110
68105011
1246932601
4096662714
4111148221
2637065780
504934986
4180706870
2202000510
2536703764
3293831899
687977826
2957270757
2114376031
2667923510
3607801477
2335551980
3107944951
3612189576
1748247073
2538153333
3426864829
1109495768
2652963243
705965606
135298809
3109714886
1325903692
2467216034
3691250930
3192022708
3138708472
4254097749
3728056516
1225228729
1143583212
2990740039
2433198138
571385957
2601274274
3812487521
4116087907
117955511
1241578903
658248412
774533161
606440704
2454750863
1211191519
1630884071
4146031292
3643715200
1848760932
2806081351
1145285146
3238413874
4282072522
3677757524
4034158364
3896894641
4278222806
2470129177
288651607
3141308938
3196772168
4129723538
1748426777
3072860892
2080658362
1614064548
271214008
3005655917
538005579
3208719655
3392630069
4113822919
3058458064
571900065
2669120822
2352192664
495128095
1862536556
2788412629
2236616748
560328664
272017959
1325793504
1764169053
473273631
1242250987
2352782833
2248645360
2350660940
3863019857
3808665508
253012215
1463176253
3444786532
33838314
825098127
3155811288
1503505
2369003365
894856198
540034656
941941849
2517016628
3140779649
3963355053
120292795
2017210266
154015975
873542091
321521721
1561596133
2569879151
3188229009
4026857042
779271761
1863795260
1581040136
2000036657
876317967
1246060715
2771682064
1009333933
3877004508
1295139274
3207322878
4232076631
454312570
2734703949
1964561855
3845952462
1209628530
3960117525
3473004086
1462712288
4047988100
356307624
2319512145
3576431684
1344320057
4249499748
3559404190
1564682052
791666330
2234912295
2164597799
3174974236
2198214195
3104188446
503648555
3794834456
3878497866
1862457520
3778236873
2204163426
4146736723
2738430634
3238304139
2554600463
3288936794
2600897753
3357523375
3073714665
556939987
3228013403
492990359
2372658993
3680019509
4148023823
808913533
1308988221
1094075773
2902556240
403514202
1613075886
3746744
1628263269
4096767851
2302025535
3473357136
2066429002
3221758573
2822399466
4077749690
2535999981
3696191773
1093821189
1680706574
1613962996
2223000080
2433056709
3011374510
908626094
1175046421
1882491886
1966525301
556747625
4184722734
2132683781
3694234608
1698350887
439460784
4044451596
3679869449
1745333382
1445068043
1644385363
2786026818
3727693270
2838949152
3358651241
3394884033
1563545704
235172064
3542687213
1292942602
392489411
3355601903
3540335858
3744544229
3978945330
307471131
3443637330
1023590556
1480781730
260675876
2218626494
474236812
2969766413
927563416
3945143906
2655056076
4019517594
3057031450
1326469102
1294286657
539658651
691283834
3073344298
942926269
2435880287
2738811713
843420723
1765412220
4180478190
4163146405
2737704194
2332902369
1349257668
1584280578
1476866640
3439962479
3826179683
4211439485
1127077569
3795606287
293872901
674106469
4278892138
423383405
3761835784
190111235
1717459764
2098767677
591243755
2251591546
1996633228
856691029
33907222
302034180
3055998930
1011012698
976454158
1963159745
2421986763
2402477731
1042041123
2486861535
1494593608
293585042
3272044229
3073736490
4229880999
3055436702
2756046277
3810412158
1108371422
4218650930
2067234627
3288341591
3340566453
37206090
235367841
2852359172
1893050
2978378391
2754793806
4064303372
446217138
2248944462
3139603105
3178054879
1025683587
170349444
2703294017
285263527
1325596025
1734166728
576486341
2419584143
204414790
4161130331
655180611
154886195
2806997986
3693836554
3188290089
2117034080
1043018083
3072892711
1699049071
2583881323
3191898885
5914620
4180853875
2570718157
1244947903
520389141
285977349
235028426
671958339
3375966559
2016647671
3878722153
1547946941
470647433
3761030739
3338670298
1799470925
1294437414
2970061975
3376036091
2258387577
2013281566
1713830239
3087117012
170012284
2919414364
3171731857
1715234319
201859289
3862056020
4048026645
1409454965
2100411655
671504480
2974566514
355965628
2215579329
2634504840
4094052004
975762401
1850667868
4161987877
2033684126
640703866
3507401868
1281189506
3727919350
254762191
340872214
942110772
1644807719
419641054
2785120202
760527075
859782905
721642429
3946971242
4027041179
3025424661
69418506
2570352554
2047724550
205318828
3274349074
4115529991
1880027787
3844630982
3003460176
1913625832
2382652844
305121230
201747327
1963630131
1879551337
255030341
2788025799
2399689111
2653116256
3959827155
1496409501
638311778
2167487982
318982934
134950415
4130528331
1644277168
2738239597
875830164
4127451278
3728682394
2954130365
2600510693
1664470206
38570125
204994934
3590496753
3761004569
1480509596
1414836616
4194788721
51123468
1900043311
4096933012
3775111952
3590333899
1314599102
3741494438
1983806971
828041459
1946247353
3053805611
1295656063
2684705515
4183168919
3390254178
726855189
3559248364
184833030
187831948
1191622793
910167192
3563225193
3037629031
4014058746
1666449969
1681828344
1192017918
2535565910
757296273
2268252127
271711159
1998910054
3976494838
2315604931
1614697978
2047236837
3942937966
4096454702
3474576392
2336829451
1767948507
1663560246
2366266902
2015619139
2470370363
3793851377
1714020332
405568820
590489249
4194581033
1058095682
1367129792
3074485039
571991138
4249769984
757040618
103939529
810185310
1930918286
2671072106
4281591541
2569666980
2434468984
1527750484
3882262559
2619626418
3460157049
1412530873
637772729
2014160047
824965224
386587253
1395991554
2437459855
743653343
1883211901
688821115
3758327423
761029887
4010225113
3526475912
288327453
554515829
121949905
1513273914
3108736658
748543823
3157899705
3473198447
897917821
2366565005
453838467
3862083282
956565010
2452582877
1916172824
3678306532
1644609606
4043719375
1646329998
1347984072
645677709
3879586184
3210062012
3241410658
3159375039
1829287321
33631425
5097272
2555233637
2769402442
2553477983
1211612238
4130182076
822346211
3846292775
2704262577
4278466631
2501931453
892075034
1258739230
3946745677
1527322056
842263796
69501841
3003139938
3476820291
3691313856
4164148770
2824442285
3174495501
419723279
1532773740
1144903781
759912428
725250559
1750321942
134313485
553863167
4248251385
3324155011
3274411660
2265782989
2618494176
3591917627
2946782033
2989438454
138316838
203718892
906763728
743698750
1884495672
4249239938
2621689392
1396166461
3087433406
3751032600
3373103845
3626525195
454439926
2200937392
107933910
3993278288
1527799806
3524791154
1284823882
3778235175
1227622288
3657964554
1335725039
3070265881
2957242431
3944724323
3308240072
2567722481
521748086
2386759413
3205811954
3338977960
2215304863
906780122
3879420044
84543845
1512840047
1174871935
553678092
2317531053
973402713
960441332
2181481995
1124771849
2537492444
3894680533
453258113
2282095793
4144350589
1887239960
2184028117
1562578978
338649961
797106009
219101903
1127854761
2067580278
3321907916
1949734406
536997056
3348452832
3647258633
805919211
2836113865
1193260542
3574455898
2134656362
1980132968
3743758073
3695270221
1294310484
910396412
2602283845
1175175824
3072771078
456769130
2334717584
1865634724
2674322493
2836312468
839175587
973901563
1476528522
3946059421
2671510163
20260221
1111650179
85081051
1531942490
3674335229
1613383059
1784050514
1228153501
789630241
2385078489
3627547709
3576552329
2890232726
1563860025
4082475018
2501493846
3694353070
1511104914
3060422465
356156369
1514809461
2083648489
1176795962
1896340198
1798487817
406166478
2047089088
3527412615
3214771050
3792074312
2486499452
692264336
370055267
1010066599
2217127175
1598863898
50448150
1948982661
2148012425
70475673
875701321
2048287787
656823167
1598084011
369344603
1077188074
4029659244
910507729
50775769
2516668666
302987851
1732841391
2416355738
3928066314
892209350
1802136416
4098504560
2571235879
3882143646
3792295804
1095626516
3075822353
3691194003
4271071435
3443403396
1397432177
2286505906
2738313168
3709812238
4161028001
287824388
4231277306
405601283
1646443911
2485474386
3239070324
1209218400
1029258900
4013166309
3224493161
2183148094
1601298515
741637978
1377097317
1848459866
3372235013
540003240
2973089967
4197384949
1678334737
813663002
1562593088
2856513053
3429128305
3158590515
2014107044
1946525489
1476519889
775185484
2469888142
1442872562
973393729
1715284393
3091410456
3254870715
4213372891
3946243191
3298486
1260801311
3928548264
1376611554
3255775478
973996673
2624910981
2500529773
2754894064
2284950381
456277366
3272873359
807838848
3626674363
271536235
3996974099
4269795609
2033151504
1007142994
22979990
3373413122
1077300975
4043821139
4080324113
1214551709
2117972712
84766128
2419967029
225660109
3781457391
3829699588
692179029
305542184
1058608490
3312346473
2890659047
4411309
457093206
424415051
1613801469
538936220
3342277494
3995545206
2805201564
2600870149
2939229621
3091141626
1637001720
1900041131
2792595923
423468776
2989514034
1963810564
1325723595
2768506088
2721449688
2252106537
135072475
861894606
2375520217
3981729231
858705905
624401056
2134767609
3209844871
878825759
1782354440
1614528609
756048528
1095638702
1140875620
1982319356
3525563751
358365274
1880814719
538150452
235325144
403022742
2858298576
1192810650
388742812
1849352248
2349700290
3912526821
607919367
3274640297
3913394170
239172551
4064327948
3104208484
2349088444
4280194670
3763977194
2536977809
1763970463
4178752200
2252352272
1912680616
2489626049
1914686325
2499851132
3442765800
860067591
2150627627
1681159597
3946108199
2401931269
1010278663
520102869
740052106
2035697079
1784091845
1059528203
3724863242
4077676162
3342115309
3479217353
878034431
2416340705
24861014
2617304569
908779742
2099541430
1948427382
1362602795
3360831564
2954356503
374397178
2855404833
856076660
422636200
1563162341
2889433712
2047589728
1378701629
4248126289
302971620
3041591576
187934594
2349842264
67122173
3439424087
1329012525
1007447995
1714677385
1881644968
2906602940
1936036469
3074059806
1328483135
221569249
2533436915
571335693
504208585
573172761
2638170790
20006558
3592935190
1225201557
1663018171
3007243056
1178393166
3073589822
933129792
923625396
4281729838
4161220171
805314280
4245028185
1212121456
403913944
3842335022
795272512
2709469708
3473305321
1798392605
4197823723
352533195
2540721571
2823050563
3814953939
101219206
2908440884
2249054322
1059778174
1798190375
3760921674
2910640242
3748085744
2752433612
357777749
995501875
1711799154
2468822979
73330001
3810478320
1695706156
721742423
3792001895
439536584
4014189372
2538771009
1965261559
2299194061
2266755092
2558478241
4081212314
3260013509
2285481531
3309432615
4011093349
1796811285
506303727
2771178221
3826326532
1912940958
1914012562
1951163813
3089183055
3443196738
1879259278
425057656
556414863
34560851
3372392613
3075842525
3499476
359886728
2249035018
3445924190
1798337360
715419086
120568171
472956430
2516987738
1677744380
1602495052
1461042684
3934028816
1838191110
2819408852
1963847910
1510210444
3290182965
1430322257
4045931179
3424632368
1746944808
1883501592
1745354485
2584438157
3893210351
2961233019
855888354
338707005
3926870716
2186522252
68554735
2755209542
2118263156
86953463
3930148839
4046001038
2974813753
1781731467
1010536913
3310562358
304241767
252921996
3172251188
1363655816
3596597618
2819883113
691184614
2617936
691475987
342879587
1580505071
436751272
1312251634
2183888117
3409649728
792173160
3397470319
2186925682
1478508965
70620542
3206115603
2939906491
1913129550
1107560892
526509807
1514235725
1294769636
1815155529
1428643372
3070625811
922840939
2687722735
2136319742
86968542
643791108
3540361708
389056385
3912240600
2452446081
4098295971
2772738407
2600752838
3189469048
3174709983
959275006
3558366454
2585194235
2639197552
1040755883
3439681379
474768331
1787083685
1898344136
3088004514
3846725553
423001881
3896971681
3042141290
4080253589
577988653
3440034107
2282750743
3308427762
858978267
2804080819
2130919143
2050458104
402967762
2418749727
4160811435
2788248337
1950168683
503466439
842872238
1242319907
2471045753
606618486
3107032551
725642594
2928104769
1912921733
1495454480
3929014410
3560905407
4114859376
1597154838
3256214148
1465409666
1629168981
221768794
790286240
3193765013
3766091219
755871340
1247264746
4264936319
3257896733
1379102017
1932960372
925930677
3393687646
135025349
20245206
3559918063
3509245769
3242835638
520531535
305653154
4113821937
3125176149
2420619091
152030162
4111215783
3978287324
923280844
3593851382
3380260863
1023873650
2856216111
761223305
3827863454
693189680
2836089234
2218531273
1224936716
2366443985
2349971091
2251252847
1563122769
3878225854
105987794
453300131
154312431
2164398654
1042157750
2600821431
1879337555
202413074
4129762646
1761671138
1398653908
1547033088
2050019436
3557077275
789610895
4150518604
1145766903
2183910875
2518160999
1429119789
3610497691
3157919510
690581477
1465584317
811679287
1497095163
1544652182
1229857954
3356661801
2989549358
876934901
712293204
3811703958
1308942445
2718814637
202344746
570895763
3207704978
2485561099
2368812347
2602806824
152069260
185343413
1865117223
2992758787
823921159
675184586
3800659220
3294468593
2063619301
2771390932
3356510807
2703764660
2217480761
2637060346
2671786543
422572517
1837674588
589576421
1124933089
1747086360
3657733169
1552002732
4080772885
2568517292
1932495859
3811679931
289305139
3878708548
2821899568
1900503567
1614030778
822758313
2401429670
3862200641
1963299295
3355579678
1829029202
2920329480
3324184636
3607151704
2601797891
657813304
3493952597
623788919
3725443356
4062397313
472587940
3428137991
3158939124
2926022790
1428178047
2686531416
1464926354
3847902360
2100276507
437702371
2114217070
1898203226
218942974
3894529094
1628711314
20769397
587380463
524465000
2401345971
1729252490
1728327135
739074052
4080896612
756409914
291882745
1044880240
402760377
3775147876
175526495
1702327091
906269659
185465085
2237149789
3460297456
1160818978
3140630812
2470305959
1982817215
1176417417
1661454503
1326432144
2853050049
3644228133
1510234199
1127301236
288571432
1364005942
1412429168
2905885322
120414683
2384984697
1127462641
84072255
2385549254
2973712047
2416156022
2555894059
4196457025
2736800661
858934646
677659067
3744892695
2636925823
3322954297
3065581
1547170117
3154210428
993302364
2252243765
1933412246
3912166696
4146545844
1359025341
1026488125
2890060613
4111416572
270526436
422142192
2805459654
2537609263
859103701
707877095
1880517039
2635349885
436622897
2214877845
4112906439
3963002479
2206398470
1025400900
2320419139
3187792096
1694805474
2651569836
3137350406
3762092224
1293931047
4286607628
423822576
1480845445
2386936292
3325470751
1613813646
3172062450
1849766738
19756167
3646415829
3440954867
2736514998
2181387569
2721512979
339970158
3107317022
994073496
738744640
252163376
2288156591
758405449
1577100919
4195889011
823953517
4096172947
3389715992
319046485
1281247276
3094282267
4110754421
1443382013
4098230613
1864046251
1258602404
924096177
3292583889
2640200286
3691337376
940324395
3660107133
856297184
2701490326
1365224341
3561452894
573476247
3056724391
2115457028
859888024
3104174144
2134877303
2151509148
2852444527
2904723481
3070277158
2969605632
1328792027
4267541292
1041104293
1846180709
33765692
505528622
638142375
3797000182
2449925559
3728761753
2268155871
4080645691
3093999092
388824821
436382715
989859481
2166237768
2001057670
2399433411
189457117
306251605
4181046203
1010706931
4263616451
1778903324
3442705642
4263245517
2266479110
1531817649
2156641469
3558923336
2805313525
2673845584
726089275
2147533559
3460529778
1769100294
1765923405
2283015311
2889099995
2969956401
1325709316
2287004261
3490110186
2451629701
2722066920
1920822154
3157173067
1495887228
2286447581
2689914946
2769087571
2456151460
3204819678
153659389
302474636
3808451136
2452868593
1378138414
2751924386
2751508574
1025876992
2818627476
1546981405
1462940133
3676571008
2821690184
4068182934
4099334944
2667615832
2403325579
2705640359
1613550061
4281095768
187933022
1006924471
3747287388
4147478155
3977366979
2872160175
3913208442
741975367
3710144173
574519597
1696705146
2101691795
3995792533
2853318544
1028504178
4061290401
689084301
3459010308
3712037965
638978277
3458198504
4247397993
3658627304
808388072
1446221269
1293829387
4026867408
3107928309
573652581
2350023071
2460399901
1864936049
808591278
1093071522
1426398717
1946520284
1963463651
3373358866
2487596181
3526646362
4078323360
2684501173
1698347990
1644547404
4264177778
1076759410
472286760
978654483
1327632871
2958499796
109377074
490734488
554049487
1850781859
3492583465
3444208962
3124420985
1829652117
221591413
839366412
206328027
1244572045
3626465838
20139938
1429470140
1630268543
857488987
388191980
3674809252
3475939619
2969863794
239426479
403590096
357594617
1092759838
2620444548
2117592489
473816175
2403041584
3843282390
3425071355
252650691
1779100745
1194010152
2825245809
1276002450
2573475511
1359795953
704918169
3780283825
2789682481
1412535117
1178672423
404866769
38406875
3343848769
3272548830
3676991122
122559246
1982776381
1831640974
3909551872
3557126630
2034174973
2837696119
2402790601
120146637
2114952515
3919492513
587795105
2520676958
2819768333
3460251788
691702871
2332122515
977533033
2769080082
2988157318
2084195830
4045452807
340647798
739705592
2366333633
3523632844
2889166067
2317125069
2542455698
1376834446
2870041592
403019333
1747493483
2030089080
6283916
2131047917
369698737
2201967068
1896316364
1011740530
2701853297
4165076287
1784175905
134311126
3408247252
3542886962
3005241088
2099831270
1161273408
1933210912
2721907797
3223703564
3775262281
1327374217
3422968230
2435875719
2957088276
2919707929
805423635
4244737472
3490835005
170999285
1948286945
1394551594
1091664556
1030504147
3107295012
4265169928
3305378978
1046485038
1646663911
3242006272
3162396115
1459696023
3691033365
1445493539
2534798384
3825656093
1479797885
2283980235
1815584075
1447059281
336372127
1899005300
574835788
993425724
1929411742
573966708
3255691187
3591309768
171146664
855892530
3876154066
138506229
2651733472
4265536553
2892886451
3674548542
4145324538
2601360661
4280683627
495312372
2955681667
3878902517
3858804643
2184049682
2600798481
908375646
3056388143
3091131559
556024676
4128310288
1228575193
2654093073
4026923083
2888999005
318876225
503596797
2888347115
2701441740
2924272195
2399734090
3947977429
1661704560
3003434019
1179938367
520581902
2752021120
1295503450
2487672312
1195083892
2202855669
17514805
3020414773
3645550087
2936826495
2382655379
2601403966
490147072
3633576797
220264116
3758162888
3057885236
3190952702
1180054499
1295128349
1178987684
775098284
1246570513
1666078565
3307829892
3777443156
2739551356
3877833579
2606632721
353348513
3647355160
4281803101
4015358745
1040467667
608900472
1413305458
1832307252
1564945416
2248411275
3053463565
2033874409
2551891273
706013287
3323864217
2385133657
557888895
134494383
824851538
102457911
4194759394
4280293134
239382779
4214914240
3457684795
4195442566
3238867378
1243220291
3091963705
1696683924
3716116748
808486126
892286847
2534621113
3902206490
655875492
437749180
4211141297
2349220118
2417961764
3375773035
1245749278
855755366
3343658563
3644309160
3895870570
1211447925
2315525533
3828318315
2522922592
1493292015
3511899725
4097463117
2502368026
320222286
1664547280
520135739
2987905731
3211248016
2889169846
3926100596
1848352073
1732522020
1949093976
3274971147
4127669914
185800714
1011750806
1812387916
1662715789
84818822
3727998424
1829152483
691162484
740833835
3879968162
37930323
3595917404
977010787
3439395672
3677689623
1426915924
2886705586
1732990186
3808504087
1426571814
1510809307
4063371151
1733820667
3140250580
2301836657
1043038040
1379004958
223622858
1006792078
4195157118
2050776554
3473225110
372241261
1363009380
2534287675
807565803
789136240
4228042837
2134318249
303560495
1630453619
3542856323
134468119
3224395353
3138166105
3809323526
387049409
138381522
1040428298
975384592
2939007757
1316693269
2097416166
2953842449
1476850422
2673410632
3154516020
3343375657
3037693304
2938538343
1379831870
557036274
2822096615
521391976
3358984657
3222070636
2550239030
1481426137
1279728650
3428580969
318912
1531367056
2201418014
3260551913
2889778591
1698670321
3071804498
322825380
1415889484
1566256078
3559955824
3694372586
2516664205
3289894891
1695745169
1463600591
1294715882
4009971186
2500068283
271345181
2349510518
3490758198
1613283943
50829303
1778682449
1527885788
927533966
3808671580
3056331768
1879235646
3358545479
1058726509
87890386
4164051163
1073976598
202263322
1871015658
3141333813
2835718730
236251250
235857441
2604273814
3762345117
3506769199
1057022742
1700841400
377339792
1610967834
3008582992
2284899441
1040350975
3914662315
1627442774
2439131819
2989939676
727366068
2587111818
2668038242
4063385081
3775272628
1446833495
1997065940
4213860884
791448935
1664602741
2670996590
3090431378
3861935395
34186383
3997385511
152859627
1331338723
3542751730
1577508384
4064287756
3473420463
440393111
157803771
3356904127
743525260
1426547645
3110498275
1275497468
1511614482
1631508397
3961935542
3825692503
70719905
505547810
1781219721
2539195804
1530721448
188397690
87897444
574929363
352606058
1863112608
1415768401
2570692180
2068277768
3658168306
1363753591
2066453109
2332240300
1194468873
4194620438
2268209269
1848809304
3561705951
4029762396
1527368430
4263734354
3796044038
905997799
67524829
288842794
2069588672
3760612779
772078115
960724755
3375613008
121400740
17186557
1293540628
3913081306
1244431439
1144051326
924220117
3426588830
2861653
3708205604
1819753686
507574680
3003934849
2770984157
505297536
3107430685
2097219487
4228700684
1613435703
1815322090
3238900718
1145260275
3693317143
2335432954
4148660233
573920466
655177972
1443546232
2131086236
3478840840
3456131626
3818156364
223272033
2201273660
1514936463
2572079502
137838467
943538047
1125472322
1729035376
4112735543
539525895
3892608706
3157715200
3423652682
1192352055
3977190106
3909569292
989904531
1362089064
3741751710
3675042074
2150385732
3657989850
899073816
4026795925
3238037059
6156765
925400101
3087128218
1210527107
1849049184
4064477700
3342635963
3157860673
3171916264
2603453442
1076143093
2871269099
4231071631
1577947097
738474068
2316521578
322123091
3694383186
2137455257
2114256136
3830473634
3727893611
2030996802
1678124776
1560689613
608080263
1815918557
2954424171
1544672116
2153083581
1312097138
55773665
744773180
2103801007
3794995682
2218576392
491097550
3023111453
725069057
4026577050
2768692160
153622728
878957624
237613818
3495592094
3861395217
2687489971
4111088028
2702945044
2585896205
1982410312
1010645964
1594085792
1594570524
2970038371
1091384814
3980037294
1546643793
268824646
2103842581
4010906629
3411049721
838980771
3758520855
2620550571
3599795579
2942339343
4028960447
723111645
2837123892
3045446369
710618930
3610690013
3543809910
1980118735
2368335129
323830186
1376777005
1110118245
893296390
657619193
1226770919
724578156
1533268451
1896819480
2116097000
2114310726
2974822447
1028473240
728609178
3997562833
540511906
2386481497
4094432782
1044021138
3846944413
3087381704
3087096136
2553577621
2399382671
3339901274
2368833197
3359951096
2500112344
3760261263
587649525
2302255650
2046828752
102785088
1795282181
688157058
2234744424
4028707787
3288912833
1795635864
877717258
4183668668
3726898689
387674681
3444037768
1748391543
1429643817
1678004686
318888803
2114167157
3825329797
3409401651
2651717503
3996342005
760199305
323241813
386677527
1347585830
3004052422
4215565135
1326282322
1312685995
977202970
4195503194
555683678
270859315
3573678731
3814297644
3057362453
4282016893
3128911870
1092865884
1227793497
221732482
2987334449
419495819
2100236717
2184626517
87201187
707662519
1143068805
608699220
1024037362
3372534839
1259352903
268722919
2754948483
1795248564
2669964438
3305227537
424617443
587762136
2000529897
3959919838
2517400787
2114032264
3910038363
706045281
1817709899
1044241875
3356850874
2436137265
624793222
4246255455
1446794504
1681842565
1699976085
1044543366
3861639169
1596005611
2203677917
2452639762
2452819790
2369047572
4079097465
2383056768
2902895813
101147172
1527200913
1043760216
371596482
1615929615
3406519103
16971611
2383599304
2655183489
556844041
1898287960
20714954
33812688
2436968269
3777988669
2304497160
2217982244
2083588152
1834264357
1479390982
2352276387
1982542764
3980030609
1092246980
2688689221
2454022292
1577512335
555025600
755388742
3608997750
1999643531
842890941
4195127591
1577528022
286021573
1294011031
4194838617
978793134
524403600
2298984142
3590738671
319139190
2566927945
808600349
4110749818
705054191
490975290
1798331876
2483375307
3913986460
1076523932
1161963074
1613823768
1617491932
3428119592
2922806592
3205813781
3878009256
3590522314
3288621163
1881947416
2301037339
3741938579
2051825502
3758223953
36655958
3154547104
1932674522
389951490
1095931928
2033025378
3428310459
521605605
2101141075
37981606
1612650295
2166973755
1060023007
911245655
2853428343
2120368513
2049946419
1913128246
1514867553
1427515043
559419250
3694263091
3004951649
3224757925
303163013
3946757703
1798908076
3623957382
3040284257
3679383164
2756622363
1478247800
1946789831
1093028796
1529932626
3406086022
3091498813
2516902328
1946293708
3206717520
2282620951
1429880135
1027035554
3758935915
656229597
1678334895
3275874343
355121447
2820014769
2251514100
3659465571
2366829965
1763615907
3476141834
1560921443
1630896275
470055703
2903984204
940749452
3610754130
359823561
2504317450
2281984817
773969259
3728908782
957157538
1379051812
1308844797
1362241982
318806915
4250949467
3779409078
1061041412
3261490046
3156265687
2553523178
1862286037
386409598
3091412766
3507095080
4066582929
4145831590
1677879919
2352347457
603982837
3997508331
3929088279
3945806355
1611326821
2030610762
1879133343
4114433320
1678273361
1748800245
1963205027
3964449030
3426820160
4244700829
207910724
168238124
3155162183
1949560309
320800904
2720973131
70630395
4246692722
53646995
2875274464
3055578881
557685822
889751480
192038117
2839838817
1376023312
842872323
3709050753
319697714
742140934
1091594998
1838449140
2552801756
2285909637
3208026697
3113458014
657734936
3238853530
2541165273
2301281228
1729859143
1467781884
1782002527
3325704940
2299188467
1546290574
2657585267
3508318584
4177976076
2368554392
3543248371
3310499075
3426733507
2299906362
478778155
555250430
1762018945
3426614053
2520468025
2449708751
151232100
2340452698
4170456146
2184227692
926687317
2669261745
4044306541
4212853229
610366707
2667893263
2976196526
3914953419
3624195497
1006856636
105578319
990757795
2953439148
1476853810
4130176083
1313324978
989871349
407973599
3391928510
1947063826
2972662355
4043505837
1834779393
3256145417
571554652
1812459352
3072032771
2030473936
1828775396
2994962478
89189641
1192079812
1598985756
34567142
83924347
3577565235
1578890557
1730056
3510092742
3842005304
623098727
1261668399
3138455152
2267339301
3775010472
3808817684
3543383284
1023814975
1631536004
1398106456
2355277023
2080597796
3460605375
87289587
2620691997
439388408
3758390945
3157911895
3305960171
2285134752
3123106893
2298743946
3978236952
3675753971
654692407
2302913237
202614146
17090460
2970867550
2922561900
3238030186
3222090189
33880375
3273727559
4248580850
1012754577
556714171
4128202488
4043808580
3360791084
1013381861
2099486133
1411261737
302005762
637583689
171394456
587970354
2969948369
1126959500
2066043747
1124412483
1829721386
3643910804
2082981005
2367819525
2433222181
1160976293
2989942139
1462329593
3160751477
1393227191
51153203
908174941
3473191353
2752206780
1328817914
2183939626
3812829292
788979676
4128410396
1678583305
908839588
3305585365
3609957686
4110574731
3296270648
1796042643
3676781719
16797101
3993361630
285634646
1744974246
92446260
1567378682
2604895808
1092601336
1225421972
345891392
2839609273
2789181823
2235399062
3129306739
575036330
4078046623
56754210
3591219728
3577752456
3828276360
1929737521
3910511562
1344898079
3575183729
1351781227
3915037783
285677359
3847939691
3457274499
1662318252
3003185371
1076568427
2090087259
1327021234
2953401634
1748409687
2167391613
2386435871
724653740
3120793620
1795875245
201442533
2838453996
3746663509
4043896915
2137417787
1614585957
2804785209
2013761899
2720507908
470223557
2283372457
2335988936
1766692061
4046417873
2131293901
3562956178
2483204022
2970800071
3037592612
1850086235
724709766
4062445375
1241795908
824934730
2891225215
2268993141
1191557578
1057001208
3053500628
2013990990
2275710728
3457433693
3766818336
17525698
1275395838
1628010970
2114215557
828033910
3323139759
1916190748
2284514718
556333739
1795486799
3968084481
1194103041
2603671312
1930007698
1931263866
3476845735
3743676435
4262339114
4063188676
3881060479
3140612030
4080476880
1699004648
3595093669
4228467256
3746210284
3628449156
693715105
3426932612
3998589191
3243071866
3073369563
235046262
2517385443
1090641313
1342340640
3293787790
1091032375
3658196359
3389063551
253649254
2332274817
153984401
84189530
2886196061
608451937
3144888018
3003862028
3128605224
3879033100
84672669
1359343138
3945604166
2135883088
2416280039
3744337188
3610351071
153543090
1057309500
2351116944
67586100
3862549843
3659257996
973366607
3963762236
1454027
744948231
3456465901
2138320331
1597846731
503768088
68100544
3325201941
255976076
3928375998
4113558344
2888674625
3709834706
2001015442
1479152501
3223271141
3611586171
2435136200
2604736295
1115292033
3490636734
4049888218
1377347642
3216596
2164689756
2184656555
2351292650
152292301
507663108
35849889
4215276877
2153936211
587643938
2519448312
1093476854
2801956639
1680772512
939711892
2420183117
4110835336
494598377
2200095398
2305652270
3928719642
185637946
4162284691
2604348825
3176193666
2603492013
2131825390
1517061516
2254753258
135676625
2972997971
3545978930
1300631758
3842538770
3460086387
170944034
371408667
371845058
4281515546
2168061555
1781951770
1581398381
2704399907
1108863050
23469216
2705818997
3441563166
3794550883
2218221275
3440785801
3943610619
3224515673
3005502580
1816356132
3289239484
3710154723
2084252548
2854163664
726381437
355985451
1108212888
3075041851
3295345919
3610977566
2468934323
2920671775
3382368800
3274742866
3037386707
2181330495
3308993304
2200126322
4213854112
1547764045
3778821734
891971983
2120621656
3411105464
2586908090
1362291052
1283050581
390863595
1062420585
2989530771
1765631096
1729481823
2351898084
2340679432
3475056090
3759341665
4064313100
3677223954
3624206054
4180335425
3154936036
2339948902
3143587780
1161479326
219377108
218920752
3699726335
1932026744
4164634721
3390889716
590814370
2855269256
2573481770
3627317371
3826674922
2838733870
2282616157
369423010
352729875
824789996
2768519793
2503095632
3609980160
822366003
1160463150
1968393351
2352261445
2756759189
3745362868
1565101349
1080206149
1463240244
830743248
2737262082
2989586972
2571880745
186815157
2974411390
3221230010
506088351
3945149791
307847371
238288487
2669387433
956733972
3506508726
3408661835
555198135
3158400295
1478134609
2215366815
3356823498
1764502578
21814371
1376715164
2214827030
1011556315
1962993413
369236115
2925928028
3190798039
1175243826
356724131
1211628541
3424613604
453144744
3744781044
3591346064
2483997192
487788716
271949414
944566321
3429284319
2772286067
3426421441
2873478175
2285638969
3179835171
70375375
102259110
2451095823
3849066608
1210266221
1530095726
402831011
2738047155
1834379088
3121495995
974946470
2197847397
1597616183
1635018404
674584482
4265196209
2893116726
1294986348
4184545746
2860528572
3993821604
2017449670
3610491795
253299914
202848354
2086230992
1462583597
2701505910
1731837447
3611566924
1935048191
1730734390
2383333723
1483205919
1598233056
21017436
1711540961
738790741
3289194635
1883579328
2097368769
3761402142
1514241101
4247711293
875664863
341522686
3743379053
2067497957
4080884430
3155743310
756234598
537871257
3389168465
1057216535
1429693286
4014026490
3393196948
2352312534
3072795284
1360050822
2469125320
3293302920
4228267469
2367429410
1277358339
926309801
408508026
1694682104
3847094031
992622659
3054167093
3677493726
3909372345
1244833167
3157611389
489593773
2506239285
3171757821
1849705650
3678785261
3962734107
442224440
1293828246
910267129
4026831713
1278897308
3423543133
3406098633
1581292819
1095827196
3512475826
2219768151
2600586269
2889935404
4194964188
1479555622
1735125926
3850082971
2992418984
3193675324
1310745553
570713351
70038210
4078915651
2887955360
4094033680
204104790
3979455518
3121665487
4197775610
3743607444
1947360670
2468631892
489444634
356464888
1696851778
1427157252
303339972
2835821621
419567710
1376010785
3574131893
1443339186
2282925170
827180667
3208277135
2117201119
3007113699
3037016180
4093769757
3962946962
471132635
2516792410
3143177653
908290317
3422971199
2453673642
268710938
2554041516
2488268208
1093198783
2216913830
3859869790
2451299885
3763753435
570622121
3037222734
1949928801
4077157326
587504672
16995141
2302429422
3321930010
910941927
3021269653
3273845577
1565104069
1594883529
2902732658
655617043
4231014760
1697061880
290957769
1128203855
3646295857
2148841576
1594675103
707417999
3677511226
388578951
19554257
1479490616
4281029740
3273065888
1650214970
2298740760
3811260210
2705946965
3053578032
675893818
3262990429
3610005465
1866706082
2016642439
4077163124
942407267
909904178
3691880340
2099145614
2906811237
423096010
590505848
285949754
1292396354
3439472083
2351766259
760187840
858822754
3951688288
3559111131
559625616
4047241418
3877236641
1347456497
2274683559
1057044756
2605406512
50395773
445590807
3494044064
3311116548
889939361
1074535508
2116437224
1245566164
255077071
2651743777
1124789907
4103863
3583077118
2570396179
2887798439
4164296671
1363118667
2368163169
842167165
472707955
117668784
554184984
1578503301
941782151
3356772367
2117139977
3844229616
1044935617
3960748360
822125070
3979538190
1695635631
3423542442
2839424874
2368105174
2332310816
3679892193
555182753
2555462987
3109144019
2738592065
3390993230
1565387962
1832908498
84780758
1514215854
658666405
51658767
1785947437
3943081387
1711386002
1696778834
755066956
4281324911
1158095446
3204691385
2164676135
1447835524
2500253720
2684733138
3817282583
1040596792
3490063835
3727452987
21222961
1951631954
1358954565
3692397726
3159115718
2836621701
2385801130
2233174795
1477858738
203644454
3106917605
738736046
1094604503
4278424243
303030202
138445454
3238434549
3909431358
4182999257
1443327824
3208092756
823241911
3091951971
755883295
3090992284
2282483424
3108233746
486693993
643202474
3272011916
2924346346
3240432708
2214851098
693867652
4010823785
3660516742
2919461851
4229337280
2657399313
3775199264
1644732782
3039137697
2400643563
184874084
1213466227
3508569831
1346624993
2704281696
2471885561
3291433419
50440653
1577198766
486789605
3627420467
3089163458
4228756681
3897513833
1308888406
169587858
1056975099
2572201024
1627788804
2066733685
442299146
3498030130
4060369238
3406722904
1493305400
1761905149
1144830651
118980868
2467099169
1375849157
554075157
3759680855
825176633
3326121873
2298927098
522096984
2370779140
2114378670
1228094534
3040491704
4144735383
3459690971
1409632758
941405679
3895466187
943047450
2415977717
2433663292
2232041567
2083223679
109218255
3240741801
3458972745
3626233859
623331176
3608307697
643264818
209606555
911535468
2771620855
2889513194
4235760916
3423003369
1363202727
3207955538
1210249019
1057258164
3850874073
3223556349
2919346437
2382767460
3259412333
525387298
2121774300
624029341
2235581623
4162789124
1075229652
2550444835
20885569
3925900279
3137658068
473907585
1795205621
1648764264
3204510001
2952821181
2164489885
2236334185
4029414815
3642844772
2759450492
1007314961
2904471906
1748580720
3497735102
4132188574
1258304514
389300609
2751723497
926144812
3778857161
1115343550
3137428921
1745592683
4146751810
3763584301
4161728946
3258838352
1629914160
506150766
1110094130
3340960682
2503865260
3897988473
4246981482
287910124
288034586
4063596308
2254768782
1530575668
2353609996
204165030
1880870711
726128824
187005560
3055069271
2183954290
3339077359
336335564
1224919479
3491523348
4043342740
1934091170
2703027106
2014855881
2553751864
3373786002
1678162281
1078175090
789431977
3876435417
151005913
3410113118
39305428
940697216
2551259405
2231586242
4111026837
1226166239
302375598
3709630307
555488264
4061662159
2822381160
3909616909
1125847825
3195578965
3813045611
889496734
3456820441
2335921269
1463798593
2399640387
2265727142
1681152275
4053121443
3006172611
1529765359
135354714
1177784087
3741937659
1979731448
1426240170
1779429023
341020228
923214702
2601987339
2168317389
992288066
1563763618
1294663323
4231776091
2757353693
2251095615
1929635586
859680777
2384408511
943310115
2887825495
1040317340
3816148833
1263173122
3741493227
3155035465
629382097
1713934938
1987730629
579393220
3442057561
3996083523
989870063
994209942
773392626
3006701105
573308320
386923536
2483338632
2589235321
3775137940
2751763455
4182167521
2656804755
3829057571
2030342244
4253040854
2920699289
2239629812
3243129803
2905902092
3107887389
1653481541
3875935569
2219306517
679642341
495913008
2604702796
1900376497
2534671545
696690831
2809615881
34329417
2416196800
3897674931
2134866943
3023246897
3795843410
3657700778
4149644319
3624719150
3514972018
1615493108
3120715114
3540367604
2081318019
2735194827
137125404
3758318587
2703758052
17435154
827592421
1194575466
2838913899
927222955
1023733142
3390030363
1812247105
3481029955
2734947955
2353201630
2433106315
3742255469
940618315
2368909283
20630078
456201173
